MEASURED 
0.629003223748559 
0.785121957233145 
0.897376431522622 
1.04652076495583 
1.25583327349249 
1.39527042972813 
1.5704760899296 
1.79386537743999 
2.09280121944782 
2.51195203181326 
2.78997600663919 
3.13872756860847 
0.628602960179372 
0.785461556700153 
0.897247522887349 
1.04690517505896 
1.25609498467101 
1.39551466533266 
1.57010724216598 
1.79392101108886 
2.092700229665 
2.51123997782091 
2.79041683681478 
3.13876098876258 
0.627802994815888 
0.785107509584653 
0.897087428285336 
1.04644516943495 
1.25565499502759 
1.39512808833201 
1.56953960811085 
1.79386645102639 
2.09256060371302 
2.51110492049353 
2.79025453823386 
3.13874340545414 
0.628029397217463 
0.785059882104968 
0.8969040919944 
1.04680371232682 
1.25567335298361 
1.39513700504562 
1.56958052969462 
1.79358432012574 
2.09276688466537 
2.51121516972679 
2.78996782504962 
3.13869203377678 
0.627888608220179 
0.784978951286018 
0.897081588014932 
1.04654329213104 
1.2557756536726 
1.39542098855789 
1.56953977417578 
1.79373891439359 
2.09274486679309 
2.51122593203387 
2.79022664728398 
3.13880904199353 
0.628033984897858 
0.784853382567032 
0.896864244099396 
1.04654922094062 
1.25575607761543 
1.39521504029904 
1.56952010636453 
1.79370616236352 
2.09294133598362 
2.5113990398658 
2.79014488045374 
3.13912919472251 
0.628011827490038 
0.784914514914305 
0.8968660762918 
1.04657904435634 
1.25575790460095 
1.39523966871946 
1.56955200619302 
1.79392532966677 
2.09282392036484 
2.51129689075142 
2.79022098971547 
3.1388564555007 
0.627969163814209 
0.785020559700158 
0.897043033191147 
1.04645511232439 
1.25587355152423 
1.39527420054959 
1.56964106147146 
1.79360540007651 
2.09267864221554 
2.51112992854695 
2.79013118998086 
3.13900574881428 
0.627812034717924 
0.78493355843036 
0.897066704074656 
1.04663723572756 
1.25573243546292 
1.39521271863837 
1.56964912362131 
1.7937939648806 
2.09275037075044 
2.5114598483844 
2.7902931365057 
3.13903209826191 
0.62790859283804 
0.784968317775439 
0.897075390970382 
1.04656480580508 
1.25586694526863 
1.39516005679036 
1.56957177023757 
1.79379842343362 
2.09280542360237 
2.51125243089692 
2.79029186338253 
3.13891817435405 
0.627917666640507 
0.784924486633688 
0.897014144568627 
1.04645867401012 
1.25581497740921 
1.39522817870693 
1.56964289341479 
1.79378421287828 
2.09264137123968 
2.51106818722043 
2.79024750450254 
3.13883039273506 
0.627859428351578 
0.784892557429686 
0.896955880081823 
1.04636572611392 
1.2557091990881 
1.39513094750012 
1.56943324794284 
1.79367798771319 
2.09270562163749 
2.51125784623188 
2.79014087392305 
3.13889578690491 
