0.62942054182677 
0.78547588232787 
0.898041347980776 
1.0467227743784 
1.25616873420954 
1.39579615199331 
1.57069886493523 
1.7940744778524 
2.09309471197381 
2.51216107976144 
2.79025655429231 
3.13915951625863 
0.629108253968556 
0.785917719156109 
0.897527337446574 
1.04731288472229 
1.25616747183705 
1.3957611966852 
1.57018439182601 
1.79402735189926 
2.09292671582281 
2.51170479105983 
2.79043877853942 
3.13901237858967 
0.628139170106253 
0.785571875384489 
0.89736839977659 
1.04678612208419 
1.2557661873614 
1.39516468770867 
1.56990818933596 
1.79416444971598 
2.09286554891171 
2.5113714895409 
2.79060713244474 
3.1390296237502 
0.628412320209174 
0.785290744299624 
0.897168145371881 
1.04731072855699 
1.25593102022115 
1.39559326204519 
1.56979693083523 
1.79356709819411 
2.09296671593069 
2.5116072977421 
2.79039993224071 
3.13898916579033 
0.628173684540953 
0.785005678706434 
0.897632755531079 
1.04676689091005 
1.25618177310391 
1.39584088468105 
1.57008070499965 
1.79396041934207 
2.09320022750969 
2.51164247712077 
2.79061755230232 
3.13905951309464 
0.628328212555633 
0.78531588271805 
0.897060864214681 
1.0469203853856 
1.25609568800477 
1.39546710504138 
1.56979499203441 
1.79403729503511 
2.09295050549738 
2.51175960048817 
2.7904249886223 
3.13938283184769 
0.628485225719463 
0.785177732518682 
0.897223938370714 
1.04688795696899 
1.25602889250548 
1.39569175241469 
1.56971107640491 
1.79427783875766 
2.0932715710627 
2.51157107196412 
2.7904856693527 
3.13915429630441 
0.628454148415408 
0.78542138928474 
0.897326834007126 
1.04686189048792 
1.25633134348043 
1.39557817260467 
1.56995526056676 
1.79409049167872 
2.09302477278978 
2.5109839505102 
2.79048751610721 
3.13963044055152 
0.628158038483591 
0.785295295448485 
0.897698069741204 
1.04702636406762 
1.25591787295118 
1.39546093229933 
1.56980804544934 
1.79400342693777 
2.09314878187055 
2.51184891735147 
2.79056223859067 
3.13881971231398 
0.628249530268157 
0.78493694723284 
0.897568546761981 
1.04668547240339 
1.25607433664443 
1.39516806797439 
1.56964358192139 
1.79380893596885 
2.09307668350442 
2.51144058464678 
2.79051036984969 
3.13949760387712 
0.628272859503243 
0.785096634319646 
0.896706900238005 
1.04639404707406 
1.25625278114538 
1.39540543392981 
1.56952087590484 
1.79373719068549 
2.0929179515963 
2.51136535361808 
2.79057426199791 
3.13833472133141 
0.628260748416835 
0.784731010304512 
0.89704936230261 
1.04607557020914 
1.25577912120271 
1.39464472919377 
1.56886235121718 
1.79402512459991 
2.09214881938067 
2.51085987368328 
2.79009172662843 
3.13879377970515 
