0.629723995781889 
0.786157320578336 
0.898439277366294 
1.0477502998372 
1.25711458882775 
1.39668990435629 
1.57201489947014 
1.79595861060226 
2.09476566726917 
2.51418223872833 
2.79284636796135 
3.1416355265867 
0.629316079147942 
0.786287912989132 
0.898226097619617 
1.047997838905 
1.25723312417226 
1.39693491830297 
1.57148574224255 
1.79564440734944 
2.09474383983899 
2.51357417164102 
2.79315000990182 
3.14196909312942 
0.628446323163404 
0.785748848023432 
0.898033562042516 
1.04752879016459 
1.25686323697243 
1.39656134034581 
1.57102981847563 
1.7955490860885 
2.09458832906407 
2.51362121311168 
2.79299112398129 
3.14189189990761 
0.628711724308341 
0.785873221488488 
0.897812446315146 
1.04775457355267 
1.25696689023016 
1.39651730279104 
1.57114494800145 
1.79535334941952 
2.09486680743592 
2.51350371157291 
2.79272110901792 
3.14182684807896 
0.628545765158787 
0.78575086167627 
0.897867760372491 
1.04754280498048 
1.25701366066843 
1.39669603648168 
1.57111090262709 
1.79552943612825 
2.09479448270588 
2.51374055698269 
2.79302796524413 
3.14197283801169 
0.628660186121983 
0.785661266356988 
0.897792171723187 
1.04758239421393 
1.25698973099107 
1.39658118176892 
1.57110887097995 
1.79553293517303 
2.09501057081831 
2.51385782982272 
2.7929204247886 
3.1421909930202 
0.62867007200675 
0.785672937659294 
0.897766785777163 
1.04761300527816 
1.256992873071 
1.39666071704812 
1.5711116750497 
1.79574061171368 
2.09494080126913 
2.51375853888653 
2.79305983167388 
3.14194886035495 
0.628588965471248 
0.785789868330434 
0.897908060912345 
1.04747922708961 
1.25709002464951 
1.39664974457714 
1.57119771620331 
1.79543065612944 
2.09476765515776 
2.51363456040964 
2.79293529284554 
3.14215559525464 
0.628438424158689 
0.785671341238551 
0.897931083376707 
1.0476614258535 
1.25698103266186 
1.39656941022066 
1.57121843379822 
1.79561578495156 
2.0948428415392 
2.51392401776758 
2.79310501718368 
3.14210510325339 
0.628511172914471 
0.785725328801492 
0.897929507849008 
1.04759985903089 
1.25709758391677 
1.39650076651411 
1.57109748066043 
1.79555410784379 
2.0949032493045 
2.51376370729518 
2.79298660090347 
3.14197040202826 
0.62854957832619 
0.785688299139942 
0.897930360768618 
1.04747754695359 
1.25703386726029 
1.39662060081404 
1.5712049684004 
1.79558401019713 
2.09467028706574 
2.51359081313767 
2.79299843787221 
3.14199185936754 
0.628451648209473 
0.785637635439254 
0.897851421613183 
1.04741858907953 
1.25693281249775 
1.39652376998492 
1.57098483043236 
1.79542282500545 
2.09478510486965 
2.51371426964302 
2.79287008586891 
3.14204511233284 
